[gd_scene load_steps=4 format=2]

[ext_resource path="res://hop_spin_dance/art/characters/fox/Fox.glb" type="PackedScene" id=1]

[sub_resource type="SkeletonModification3DEWBIK" id=1]
root_bone = "b_Hip_01"
target_count = 2
effectors/0/name = "b_Head_05"
effectors/0/target_node = NodePath("Head")
effectors/0/use_node_rotation = true
effectors/0/target_transform = Transform( 1, 0, 0, 0, 1, 0, 0, 0, 1, 0, 0, 0 )
effectors/1/name = ""
effectors/1/target_node = NodePath("Root")
effectors/1/use_node_rotation = true
effectors/1/target_transform = Transform( 1, 0, 0, 0, 1, 0, 0, 0, 1, 0, 0, 0 )

[sub_resource type="SkeletonModificationStack3D" id=2]
enabled = true
modification_count = 1
modifications/0 = SubResource( 1 )

[node name="Node3D" type="Node3D"]
script = null

[node name="Fox" parent="." instance=ExtResource( 1 )]
transform = Transform( 0.01, 0, 0, 0, 0.01, 0, 0, 0, 0.01, 0, 0, 0 )

[node name="Skeleton3D" parent="Fox/root" index="0"]
bones/2/pose = Transform( 0.994848, 0.101375, 2.1784e-07, -0.101375, 0.994848, -4.533e-08, -2.21313e-07, 2.3013e-08, 1, -7.14163, -7.06368, 6.80463e-06 )
bones/3/pose = Transform( 0.998102, -0.0615829, -3.30607e-07, 0.0615829, 0.998102, 6.71906e-08, 3.25841e-07, -8.74228e-08, 1, 0, 0, 0 )
bones/4/pose = Transform( 0.905404, -0.42455, 3.98456e-08, 0.42455, 0.905404, -8.49756e-08, 3.55271e-14, 9.38538e-08, 1, 0, 0, 0 )
bones/5/pose = Transform( 0.747168, 0.664635, -4.27155e-15, -0.664635, 0.747168, -4.80199e-15, 0, 6.42692e-15, 1, 0, 0, 0 )
bones/6/pose = Transform( 0.914486, -0.404617, 1.46309e-08, 0.404617, 0.914486, -3.30676e-08, -1.33227e-15, 3.61598e-08, 1, 0, 0, 0 )
bones/7/pose = Transform( 0.994527, 0.0968397, -0.0392155, -0.0978312, 0.994909, -0.0242028, 0.036672, 0.0279068, 0.998938, 0, 0, 0 )
bones/8/pose = Transform( 0.162317, -0.986739, 7.48669e-08, 0.986739, 0.162317, -1.07228e-08, -1.57163e-09, 7.56145e-08, 1, 0, 0, 0 )
bones/9/pose = Transform( 0.0880346, 0.99592, 0.0198434, -0.993709, 0.0891887, -0.06773, -0.0692234, -0.013756, 0.997506, 0, 0, 0 )
bones/10/pose = Transform( 0.817769, 0.575164, -0.0209788, -0.573501, 0.817391, 0.0544793, 0.0484824, -0.0325202, 0.998294, 0, 0, 0 )
bones/11/pose = Transform( 0.0996946, -0.995018, 7.39643e-08, 0.995018, 0.0996946, -8.89278e-09, 1.47463e-09, 7.44824e-08, 1, 0, 0, 0 )
bones/12/pose = Transform( -0.911638, 0.402578, -0.0827428, -0.408038, -0.910651, 0.0649597, -0.0491985, 0.0929819, 0.994452, 0, 0, 0 )
bones/13/pose = Transform( 0.923715, 0.38308, 1.17805e-07, -0.38308, 0.923715, -6.25475e-07, -3.48425e-07, 5.32632e-07, 1, 0, 0, 0 )
bones/14/pose = Transform( 0.981682, -0.190527, 3.67429e-24, 0.190527, 0.981682, 2.45501e-23, -8.28443e-24, -2.34003e-23, 1, 0, 0, 0 )
bones/15/pose = Transform( 0.971784, 0.235874, -2.50727e-23, -0.235874, 0.971784, -1.91544e-23, 1.98472e-23, 2.45279e-23, 1, 0, 0, 0 )
bones/16/pose = Transform( 0.933917, 0.329671, 0.138263, -0.343786, 0.934284, 0.0944656, -0.0980347, -0.135756, 0.98588, 0, 0, 0 )
bones/17/pose = Transform( 0.999474, -0.0324348, 3.41435e-08, 0.0324348, 0.999474, 8.00779e-09, -3.43852e-08, -6.89614e-09, 1, 0, 0, 0 )
bones/18/pose = Transform( 0.969233, -0.196558, -0.148168, 0.217144, 0.966246, 0.138624, 0.115919, -0.166533, 0.979198, 0, 0, 0 )
bones/20/pose = Transform( 0.728513, -0.68182, -0.0662548, 0.672283, 0.730176, -0.121982, 0.131548, 0.0443237, 0.990318, 0, 0, 0 )
bones/21/pose = Transform( 0.945112, 0.326745, 3.45313e-08, -0.326745, 0.945112, -1.37856e-08, -3.71403e-08, 1.74606e-09, 1, 0, 0, 0 )
bones/22/pose = Transform( 0.918222, -0.29584, 0.263339, 0.351183, 0.915573, -0.19595, -0.183137, 0.272406, 0.944593, 0, 0, 0 )
modification_stack = SubResource( 2 )

[node name="Head" type="Node3D" parent="Fox/root/Skeleton3D" index="1"]
transform = Transform( 1, 0, 0, 0, 0.310361, -0.950619, 0, 0.950619, 0.310361, -12.8461, 47.0094, 88.8312 )
script = null

[node name="Root" type="Node3D" parent="Fox/root/Skeleton3D" index="2"]
transform = Transform( 0.99277, -0.10605, 0.0562262, 0, 0.468423, 0.883504, -0.120033, -0.877116, 0.465036, 23.414, 40.8662, -35.7035 )
script = null

[node name="AnimationPlayer" parent="Fox" index="1"]
blend_times = [  ]

[editable path="Fox"]
