[gd_scene load_steps=5 format=2]

[ext_resource path="res://hop_spin_dance/art/ewbik_rig/ewbik_rig.glb" type="PackedScene" id=1]

[sub_resource type="EWBIKSkeletonIKState" id=1]

[sub_resource type="SkeletonModification3DEWBIK" id=2]
effector_count = 7
effectors/0/name = "c_1"
effectors/0/target_transform = Transform( 1, 0, 0, 0, 1, 0, 0, 0, 1, 0, 0, 0 )
effectors/0/target_node = NodePath("")
effectors/0/budget = 4.0
effectors/1/name = "b_1"
effectors/1/target_transform = Transform( 1, 0, 0, 0, 1, 0, 0, 0, 1, 0, 0, 0 )
effectors/1/target_node = NodePath("")
effectors/1/budget = 4.0
effectors/2/name = "a_1"
effectors/2/target_transform = Transform( 1, 0, 0, 0, 1, 0, 0, 0, 1, 0, 0, 0 )
effectors/2/target_node = NodePath("")
effectors/2/budget = 4.0
effectors/3/name = "a_1_._1"
effectors/3/target_transform = Transform( 1, 0, 0, 0, 1, 0, 0, 0, 1, 0, 0, 0 )
effectors/3/target_node = NodePath("")
effectors/3/budget = 4.0
effectors/4/name = "b_1_._1"
effectors/4/target_transform = Transform( 1, 0, 0, 0, 1, 0, 0, 0, 1, 0, 0, 0 )
effectors/4/target_node = NodePath("")
effectors/4/budget = 4.0
effectors/5/name = "a_1_._2"
effectors/5/target_transform = Transform( 1, 0, 0, 0, 1, 0, 0, 0, 1, 0, 0, 0 )
effectors/5/target_node = NodePath("")
effectors/5/budget = 4.0
effectors/6/name = "a_1_._3"
effectors/6/target_transform = Transform( 1, 0, 0, 0, 1, 0, 0, 0, 1, 0, 0, 0 )
effectors/6/target_node = NodePath("")
effectors/6/budget = 4.0
root_bone = "c_2"
state = SubResource( 1 )

[sub_resource type="SkeletonModificationStack3D" id=3]
modification_count = 1
modifications/0 = SubResource( 2 )

[node name="ewbik_rig" instance=ExtResource( 1 )]

[node name="Skeleton3D" parent="Armature" index="0"]
modification_stack = SubResource( 3 )

[node name="BoneAttachment3D" parent="Armature/Skeleton3D" index="9"]
bone_idx = 0

[node name="BoneAttachment3D2" parent="Armature/Skeleton3D" index="10"]
transform = Transform( 1, 0, 0, 0, 1, 0, 0, 0, 1, 0, 1, 0 )
bone_idx = 1

[node name="BoneAttachment3D3" parent="Armature/Skeleton3D" index="11"]
transform = Transform( 0.686642, -0.726996, -7.02555e-09, 0.726996, 0.686642, -7.43845e-09, 1.02318e-08, -3.87816e-16, 1, 0, 2, 0 )
bone_idx = 2

[node name="BoneAttachment3D4" parent="Armature/Skeleton3D" index="12"]
transform = Transform( 0.231362, -0.972868, 9.87212e-08, 0.972868, 0.231362, -4.9736e-08, 2.55461e-08, 1.0755e-07, 1, -0.726996, 2.68664, -3.87816e-16 )
bone_idx = 3

[node name="BoneAttachment3D5" parent="Armature/Skeleton3D" index="13"]
transform = Transform( -0.14568, -0.9645, 0.220268, 0.444481, -0.262716, -0.856397, 0.883863, -0.0268551, 0.466975, -1.69986, 2.918, 2.15099e-07 )
bone_idx = 4

[node name="BoneAttachment3D6" parent="Armature/Skeleton3D" index="14"]
transform = Transform( 0.508228, -0.850992, 0.132352, 0.784421, 0.520845, 0.336755, -0.355511, -0.0673292, 0.932244, -2.66436, 2.65529, -0.0268549 )
bone_idx = 5

[node name="BoneAttachment3D7" parent="Armature/Skeleton3D" index="15"]
transform = Transform( 0.684242, -0.729255, -1.16214e-07, 0.729255, 0.684242, -1.23859e-07, 1.69843e-07, 4.9738e-14, 1, -1.69986, 2.918, -7.49324e-15 )
bone_idx = 6

[node name="BoneAttachment3D8" parent="Armature/Skeleton3D" index="16"]
transform = Transform( 0.175616, -0.984459, -3.09145e-08, 0.984459, 0.175616, -1.73299e-07, 1.76035e-07, 4.26326e-14, 1, -2.42912, 3.60225, 4.22447e-14 )
bone_idx = 7

[node name="BoneAttachment3D9" parent="Armature/Skeleton3D" index="17"]
transform = Transform( 0.741132, 0.671359, 5.88094e-08, -0.671359, 0.741132, -5.32728e-08, -7.93507e-08, 7.10543e-15, 1, 0, 2, 0 )
bone_idx = 8

[node name="BoneAttachment3D10" parent="Armature/Skeleton3D" index="18"]
transform = Transform( 0.417927, 0.908481, -4.67661e-08, -0.908481, 0.417927, 2.4381e-08, 4.16944e-08, 3.22966e-08, 1, 0.671359, 2.74113, 7.10543e-15 )
bone_idx = 9

[node name="BoneAttachment3D11" parent="Armature/Skeleton3D" index="19"]
transform = Transform( 0.691322, 0.697625, -0.188128, -0.707188, 0.706688, 0.0218422, 0.148186, 0.117942, 0.981902, 1.57984, 3.15906, 3.22966e-08 )
bone_idx = 10

[node name="BoneAttachment3D12" parent="Armature/Skeleton3D" index="20"]
transform = Transform( 0.936752, 0.33499, -0.101375, -0.0833437, 0.494823, 0.864988, 0.339925, -0.801831, 0.491446, 2.27746, 3.86575, 0.117942 )
bone_idx = 11

[node name="BoneAttachment3D13" parent="Armature/Skeleton3D" index="21"]
transform = Transform( 0.936752, 0.33499, -0.101375, -0.0833436, 0.494823, 0.864988, 0.339925, -0.80183, 0.491445, 2.61245, 4.36057, -0.683888 )
bone_idx = 12

[node name="BoneAttachment3D14" parent="Armature/Skeleton3D" index="22"]
transform = Transform( 1, 3.42727e-07, 1.19209e-07, 3.25963e-08, 0.48804, -0.872821, -3.27826e-07, 0.872821, 0.48804, 2.27746, 3.86575, 0.117942 )
bone_idx = 13

[node name="BoneAttachment3D15" parent="Armature/Skeleton3D" index="23"]
transform = Transform( 0.890684, -0.448807, 0.0724782, 0.251308, 0.353206, -0.90116, 0.378847, 0.820864, 0.427384, 2.27746, 4.35379, 0.990763 )
bone_idx = 14

[node name="BoneAttachment3D16" parent="Armature/Skeleton3D" index="24"]
transform = Transform( 0.890685, -0.400448, 0.215226, 0.251308, 0.0391749, -0.967114, 0.378847, 0.915482, 0.135528, 1.82866, 4.70699, 1.81163 )
bone_idx = 15

[node name="DirectionalLight3D" type="DirectionalLight3D" parent="." index="1"]
transform = Transform( 1, 0, 0, 0, 0.260336, 0.965518, 0, -0.965518, 0.260336, 5.35307, 0.779704, -0.328743 )
script = null
