[gd_scene load_steps=2 format=2]

[ext_resource path="res://hop_spin_dance/art/ewbik_rig/ewbik_rig.glb" type="PackedScene" id=1]

[node name="Node3D" type="Node3D"]
script = null

[node name="ewbik_rig" parent="." instance=ExtResource( 1 )]

[node name="Armature_mesh" parent="ewbik_rig/Armature/Skeleton3D" index="0"]
visible = false

[node name="BoneAttachment3D" parent="ewbik_rig/Armature/Skeleton3D" index="1"]
transform = Transform( 1, -5.73772e-17, 1.51496e-08, 1.9781e-15, 1, -1.26784e-07, -1.51496e-08, 1.26784e-07, 1, 0, 0, 0 )
bone_idx = 0

[node name="BoneAttachment3D2" parent="ewbik_rig/Armature/Skeleton3D" index="2"]
transform = Transform( 1, -5.73771e-17, 1.51495e-08, 1.9781e-15, 1, -1.26784e-07, -1.51495e-08, 1.26784e-07, 1, -5.73774e-17, 1, 1.26784e-07 )
bone_idx = 1

[node name="BoneAttachment3D3" parent="ewbik_rig/Armature/Skeleton3D" index="3"]
transform = Transform( 0.686642, -0.726996, -1.49804e-07, 0.726996, 0.686642, -2.85392e-07, 3.10341e-07, 8.70552e-08, 1, -1.14755e-16, 2, 2.53568e-07 )
bone_idx = 2

[node name="BoneAttachment3D4" parent="ewbik_rig/Armature/Skeleton3D" index="4"]
transform = Transform( 0.231362, -0.972868, -2.60346e-08, 0.972868, 0.231362, -2.36258e-07, 2.35871e-07, 2.9333e-08, 1, -0.726996, 2.68664, 3.40623e-07 )
bone_idx = 3

[node name="BoneAttachment3D5" parent="ewbik_rig/Armature/Skeleton3D" index="5"]
transform = Transform( -0.14568, -0.964499, 0.220268, 0.444481, -0.262716, -0.856398, 0.883863, -0.0268551, 0.466974, -1.69986, 2.918, 5.71211e-07 )
bone_idx = 4

[node name="BoneAttachment3D6" parent="ewbik_rig/Armature/Skeleton3D" index="6"]
transform = Transform( 0.508228, -0.850992, 0.132352, 0.784421, 0.520845, 0.336755, -0.355511, -0.0673292, 0.932244, -2.66436, 2.65529, -0.0268544 )
bone_idx = 5

[node name="BoneAttachment3D7" parent="ewbik_rig/Armature/Skeleton3D" index="7"]
transform = Transform( 0.684242, -0.729255, -8.78027e-08, 0.729255, 0.684242, -2.65159e-07, 2.53447e-07, 1.17402e-07, 1, -1.69986, 2.918, 3.69957e-07 )
bone_idx = 6

[node name="BoneAttachment3D8" parent="ewbik_rig/Armature/Skeleton3D" index="8"]
transform = Transform( 0.175616, -0.984459, 1.15245e-07, 0.984459, 0.175616, -2.45286e-07, 2.21235e-07, 1.5653e-07, 1, -2.42912, 3.60225, 4.87359e-07 )
bone_idx = 7

[node name="BoneAttachment3D9" parent="ewbik_rig/Armature/Skeleton3D" index="9"]
transform = Transform( 0.741132, 0.671359, 2.43545e-07, -0.671359, 0.741132, -3.04e-07, -3.84592e-07, 6.17978e-08, 1, -1.14755e-16, 2, 2.53568e-07 )
bone_idx = 8

[node name="BoneAttachment3D10" parent="ewbik_rig/Armature/Skeleton3D" index="10"]
transform = Transform( 0.417927, 0.908481, -8.52987e-09, -0.908481, 0.417927, -1.62408e-08, -1.11896e-08, 1.45367e-08, 1, 0.671359, 2.74113, 3.15366e-07 )
bone_idx = 9

[node name="BoneAttachment3D11" parent="ewbik_rig/Armature/Skeleton3D" index="11"]
transform = Transform( 0.691322, 0.697626, -0.188128, -0.707188, 0.706688, 0.0218421, 0.148186, 0.117942, 0.981901, 1.57984, 3.15906, 2.84118e-07 )
bone_idx = 10

[node name="BoneAttachment3D12" parent="ewbik_rig/Armature/Skeleton3D" index="12"]
transform = Transform( 0.936753, 0.334989, -0.101375, -0.0833435, 0.494823, 0.864988, 0.339924, -0.801831, 0.491446, 2.27747, 3.86575, 0.117942 )
bone_idx = 11

[node name="BoneAttachment3D13" parent="ewbik_rig/Armature/Skeleton3D" index="13"]
transform = Transform( 0.936753, 0.334989, -0.101375, -0.0833432, 0.494823, 0.864988, 0.339924, -0.801831, 0.491446, 2.61245, 4.36057, -0.683889 )
bone_idx = 12

[node name="BoneAttachment3D14" parent="ewbik_rig/Armature/Skeleton3D" index="14"]
transform = Transform( 1, -7.45058e-08, 2.98023e-07, 4.45172e-07, 0.48804, -0.872821, 4.47035e-08, 0.872821, 0.48804, 2.27747, 3.86575, 0.117942 )
bone_idx = 13

[node name="BoneAttachment3D15" parent="ewbik_rig/Armature/Skeleton3D" index="15"]
transform = Transform( 0.890684, -0.448808, 0.0724771, 0.251307, 0.353206, -0.90116, 0.378848, 0.820864, 0.427383, 2.27747, 4.35379, 0.990763 )
bone_idx = 14

[node name="BoneAttachment3D16" parent="ewbik_rig/Armature/Skeleton3D" index="16"]
transform = Transform( 0.890684, -0.400449, 0.215227, 0.251308, 0.0391743, -0.967114, 0.378848, 0.915482, 0.135528, 1.82866, 4.70699, 1.81163 )
bone_idx = 15

[editable path="ewbik_rig"]
