[gd_scene load_steps=4 format=2]

[ext_resource path="res://hop_spin_dance/art/cases/ewbik_rig/ewbik_rig.glb" type="PackedScene" id=1]

[sub_resource type="SkeletonModification3DEWBIK" id=1]
root_bone = "C2"
ik_iterations = 1
effector_count = 2
effectors/0/name = "A1.001"
effectors/0/target_node = NodePath("A1001")
effectors/0/priority = Vector3(0.5, 5, 0)
effectors/0/remove = false
effectors/1/name = "A1.003"
effectors/1/target_node = NodePath("A1003")
effectors/1/priority = Vector3(0.5, 5, 0)
effectors/1/remove = false

[sub_resource type="SkeletonModificationStack3D" id=2]
enabled = true
modification_count = 1
modifications/0 = SubResource( 1 )

[node name="Node3D" type="Node3D"]
script = null

[node name="ewbik_rig" parent="." instance=ExtResource( 1 )]

[node name="Skeleton3D" parent="ewbik_rig/Armature" index="0"]
modification_stack = SubResource( 2 )

[node name="A1001" type="Node3D" parent="ewbik_rig/Armature/Skeleton3D" index="1"]
transform = Transform3D(1, 0, 0, 0, 0.443102, -0.896471, 0, 0.896471, 0.443102, -3.61989, 4.62373, -0.594907)
script = null

[node name="A1003" type="Node3D" parent="ewbik_rig/Armature/Skeleton3D" index="2"]
transform = Transform3D(-0.25983, -0.155597, 0.953036, -0.416952, 0.908269, 0.0346131, -0.870999, -0.388377, -0.300872, 4.24833, 3.3476, 0.743446)
script = null

[node name="Node3D" type="Position3D" parent="ewbik_rig/Armature/Skeleton3D" index="3"]
transform = Transform3D(0.98562, 0.0532372, 0.160371, 0.121751, 0.434378, -0.892464, -0.117174, 0.899156, 0.42165, -0.510959, 0.214459, -0.372149)
script = null

[node name="Node3D2" type="Position3D" parent="ewbik_rig/Armature/Skeleton3D" index="4"]
transform = Transform3D(0.690872, -0.0309804, -0.722312, 0.0252392, 0.999505, -0.0187288, 0.722535, -0.00529134, 0.691313, 1.46807, 0.6499, 0.822704)
script = null

[editable path="ewbik_rig"]
